30 159 T
A B C D E F G H I J K L M N O P Q R S T a b c d e f g h i j 
62 56 120 111 44 89 20 121 82 16 148 140 134 71 113 65 193 173 12 58 126 166 179 51 175 96 110 198 193 2 
73 65 180 135 179 133 108 79 96 144 180 9 17 69 166 92 18 154 70 196 73 175 190 163 179 96 76 69 135 148 
178 21 128 79 142 83 160 198 92 180 156 114 76 68 78 117 148 110 84 83 77 156 128 196 129 98 74 16 156 82 
56 39 143 148 166 158 81 137 127 82 131 20 62 90 40 159 98 121 85 62 147 166 184 52 70 22 92 131 150 43 
8 144 42 9 123 116 171 128 102 119 36 10 182 1 151 57 93 38 156 169 199 153 131 94 135 89 55 90 77 143 
66 150 187 83 74 187 177 53 166 123 187 170 19 165 25 136 183 182 101 13 129 54 174 180 44 55 13 148 73 33 
61 80 50 158 53 86 23 99 127 163 79 39 71 33 182 29 133 165 68 198 105 72 189 64 14 11 175 6 39 18 
174 29 179 132 61 107 119 60 112 139 112 84 54 137 133 89 182 141 198 14 121 47 79 75 127 189 91 185 144 41 
110 17 59 109 189 49 60 139 171 75 109 73 53 128 85 21 17 51 131 125 28 34 8 24 96 126 150 104 4 72 
15 134 116 70 28 95 24 145 147 83 28 43 169 123 105 48 194 150 189 106 171 39 54 19 13 76 8 35 12 62 
99 155 134 98 59 175 156 182 99 190 196 71 103 47 96 185 64 85 119 47 132 199 115 98 100 176 79 97 57 152 
87 189 132 85 183 73 109 70 63 130 92 11 50 199 109 99 135 6 122 27 12 123 116 165 130 100 40 35 198 83 
95 59 125 147 102 7 139 18 63 23 76 193 21 188 155 120 148 115 188 1 40 72 174 29 139 163 73 167 154 83 
32 73 72 180 35 32 86 103 96 102 160 116 143 99 151 19 101 127 9 10 152 124 47 196 42 22 84 95 8 138 
133 171 64 180 190 2 120 41 153 123 33 45 19 86 40 123 129 75 77 120 62 146 158 144 131 108 25 75 137 12 
147 190 94 157 168 189 52 162 109 148 98 60 173 86 176 107 105 161 156 118 93 9 18 87 76 187 12 120 49 82 
176 44 103 141 175 43 150 61 117 51 70 166 165 129 22 1 172 71 167 23 3 64 119 18 119 137 172 7 81 180 
176 132 113 26 171 53 157 32 111 133 156 43 43 105 48 126 43 89 65 74 15 140 152 25 79 112 124 84 22 37 
70 143 180 136 74 137 52 139 157 168 44 140 160 34 67 160 21 14 170 192 93 83 141 6 165 35 180 88 147 59 
128 73 9 73 62 13 62 106 30 110 73 104 131 97 29 74 180 118 158 119 91 110 113 30 143 187 1 174 171 38 
157 164 191 97 39 171 130 87 171 53 97 114 184 60 118 189 151 44 176 90 55 61 129 28 168 18 159 179 129 74 
12 87 135 192 152 108 112 34 57 58 144 92 146 104 21 176 125 53 111 154 36 157 197 81 182 95 35 163 128 20 
12 151 158 97 41 10 178 191 107 9 76 116 186 118 146 163 115 24 6 191 93 106 67 174 38 54 90 54 9 56 
73 149 105 37 45 192 134 48 63 11 198 133 145 102 78 119 170 78 134 19 180 10 156 137 127 105 83 183 58 186 
119 124 182 51 135 126 11 149 72 153 28 66 161 195 193 159 161 165 95 118 84 11 119 190 76 63 192 168 110 140 
108 150 189 76 91 73 151 93 166 151 108 21 6 180 190 113 48 161 143 168 144 118 87 140 102 108 4 191 174 72 
133 42 39 132 44 77 76 84 103 120 7 67 198 144 10 62 5 138 0 163 14 31 24 141 196 190 63 49 174 183 
68 159 119 94 17 65 182 73 136 112 36 164 57 23 160 76 119 143 130 39 102 65 191 11 57 102 17 97 136 54 
14 26 110 120 51 47 148 104 126 144 80 131 2 87 126 50 174 1 180 119 71 119 119 134 80 2 168 108 36 115 
48 85 136 82 97 9 53 136 171 113 128 15 17 185 159 170 63 103 84 7 128 16 116 17 182 94 107 175 39 48 
79 39 67 10 96 195 194 120 190 117 196 37 29 67 190 56 102 133 175 109 139 64 24 29 187 31 168 119 99 2 
102 78 97 122 34 89 147 6 89 164 175 142 113 167 11 90 186 49 26 126 192 173 0 130 109 14 15 38 23 64 
