31 F
1 2 214748365 Building1
42949673 42949674 85899345 Building2
51539607 51539608 60129541 Building3
53257593 53257594 54975579 Building4
53601190 53601191 53944787 Building5
54288384 54288385 54631981 Building6
56693565 56693566 58411551 Building7
57037162 57037163 57380759 Building8
57724356 57724357 58067953 Building9
68719475 68719476 77309409 Building10
70437461 70437462 72155447 Building11
70781058 70781059 71124655 Building12
71468252 71468253 71811849 Building13
73873433 73873434 75591419 Building14
74217030 74217031 74560627 Building15
74904224 74904225 75247821 Building16
128849017 128849018 171798689 Building17
137438951 137438952 146028885 Building18
139156937 139156938 140874923 Building19
139500534 139500535 139844131 Building20
140187728 140187729 140531325 Building21
142592909 142592910 144310895 Building22
142936506 142936507 143280103 Building23
143623700 143623701 143967297 Building24
154618819 154618820 163208753 Building25
156336805 156336806 158054791 Building26
156680402 156680403 157023999 Building27
157367596 157367597 157711193 Building28
159772777 159772778 161490763 Building29
160116374 160116375 160459971 Building30
160803568 160803569 161147165 Building31

