100 S
901 901 902 Toren901
741 741 742 Toren741
665 665 666 Toren665
431 431 432 Toren431
480 480 481 Toren480
938 938 939 Toren938
602 602 603 Toren602
334 334 335 Toren334
958 958 959 Toren958
764 764 765 Toren764
66 66 67 Toren66
313 313 314 Toren313
368 368 369 Toren368
310 310 311 Toren310
890 890 891 Toren890
890 890 891 Toren890
775 775 776 Toren775
887 887 888 Toren887
836 836 837 Toren836
440 440 441 Toren440
538 538 539 Toren538
14 14 15 Toren14
494 494 495 Toren494
107 107 108 Toren107
127 127 128 Toren127
71 71 72 Toren71
822 822 823 Toren822
293 293 294 Toren293
900 900 901 Toren900
5 5 6 Toren5
633 633 634 Toren633
221 221 222 Toren221
347 347 348 Toren347
83 83 84 Toren83
860 860 861 Toren860
175 175 176 Toren175
702 702 703 Toren702
544 544 545 Toren544
605 605 606 Toren605
257 257 258 Toren257
362 362 363 Toren362
304 304 305 Toren304
67 67 68 Toren67
919 919 920 Toren919
445 445 446 Toren445
757 757 758 Toren757
863 863 864 Toren863
990 990 991 Toren990
494 494 495 Toren494
803 803 804 Toren803
724 724 725 Toren724
427 427 428 Toren427
552 552 553 Toren552
357 357 358 Toren357
99 99 100 Toren99
886 886 887 Toren886
247 247 248 Toren247
558 558 559 Toren558
304 304 305 Toren304
409 409 410 Toren409
115 115 116 Toren115
309 309 310 Toren309
434 434 435 Toren434
952 952 953 Toren952
130 130 131 Toren130
844 844 845 Toren844
966 966 967 Toren966
285 285 286 Toren285
449 449 450 Toren449
714 714 715 Toren714
187 187 188 Toren187
230 230 231 Toren230
282 282 283 Toren282
578 578 579 Toren578
77 77 78 Toren77
233 233 234 Toren233
947 947 948 Toren947
574 574 575 Toren574
661 661 662 Toren661
370 370 371 Toren370
208 208 209 Toren208
832 832 833 Toren832
798 798 799 Toren798
97 97 98 Toren97
280 280 281 Toren280
206 206 207 Toren206
669 669 670 Toren669
989 989 990 Toren989
983 983 984 Toren983
974 974 975 Toren974
928 928 929 Toren928
143 143 144 Toren143
240 240 241 Toren240
196 196 197 Toren196
142 142 143 Toren142
53 53 54 Toren53
870 870 871 Toren870
114 114 115 Toren114
788 788 789 Toren788
600 600 601 Toren600
